6.199999809265137 -0.00000005960464477539063 26.497478485107422 26.382022857666016 26.374866485595703 25.25594711303711
26.536792755126953 24.142452239990234 6.199999809265137 -0.00000005960464477539063 26.374866485595703 25.25594711303711
6.200004577636719 47.8749885559082 26.497478485107422 26.382022857666016 6.199999809265137 -0.00000005960464477539063
26.98025131225586 23.098751068115234 6.199999809265137 -0.00000005960464477539063 26.536792755126953 24.142452239990234
6.200004577636719 47.8749885559082 26.911190032958984 27.398052215576172 26.497478485107422 26.382022857666016
27.66611099243164 22.236827850341797 6.199999809265137 -0.00000005960464477539063 26.98025131225586 23.098751068115234
6.200004577636719 47.8749885559082 26.937541961669922 27.445110321044922 26.911190032958984 27.398052215576172
28.564861297607422 21.560260772705078 6.199999809265137 -0.00000005960464477539063 27.66611099243164 22.236827850341797
6.200004577636719 47.8749885559082 27.651721954345703 28.377994537353516 26.937541961669922 27.445110321044922
29.593463897705078 21.142948150634766 6.199999809265137 -0.00000005960464477539063 28.564861297607422 21.560260772705078
6.200004577636719 47.8749885559082 28.48392105102539 29.021831512451172 27.651721954345703 28.377994537353516
30.713436126708984 21.002086639404297 6.199999809265137 -0.00000005960464477539063 29.593463897705078 21.142948150634766
54.07500076293945 47.874996185302734 28.48392105102539 29.021831512451172 6.200004577636719 47.8749885559082
31.845661163330078 21.160579681396484 6.199999809265137 -0.00000005960464477539063 30.713436126708984 21.002086639404297
54.07500076293945 47.874996185302734 29.515438079833984 29.464824676513672 28.48392105102539 29.021831512451172
32.8873291015625 21.605588912963867 6.199999809265137 -0.00000005960464477539063 31.845661163330078 21.160579681396484
54.07500076293945 47.874996185302734 30.64395523071289 29.62679672241211 29.515438079833984 29.464824676513672
33.76287841796875 22.312238693237305 6.199999809265137 -0.00000005960464477539063 32.8873291015625 21.605588912963867
54.07500076293945 47.874996185302734 31.769222259521484 29.488994598388672 30.64395523071289 29.62679672241211
33.76287841796875 22.312238693237305 54.07500076293945 0.0000013709068298339844 6.199999809265137 -0.00000005960464477539063
54.07500076293945 47.874996185302734 32.763206481933594 29.09543228149414 31.769222259521484 29.488994598388672
34.45997619628906 23.243206024169922 54.07500076293945 0.0000013709068298339844 33.76287841796875 22.312238693237305
54.07500076293945 47.874996185302734 33.7073974609375 28.370838165283203 32.763206481933594 29.09543228149414
34.862548828125 24.23646354675293 54.07500076293945 0.0000013709068298339844 34.45997619628906 23.243206024169922
54.07500076293945 47.874996185302734 34.377593994140625 27.496870040893555 33.7073974609375 28.370838165283203
34.99943542480469 25.32990074157715 54.07500076293945 0.0000013709068298339844 34.862548828125 24.23646354675293
54.07500076293945 0.0000013709068298339844 34.377593994140625 27.496870040893555 54.07500076293945 47.874996185302734
34.99939727783203 25.33834457397461 54.07500076293945 0.0000013709068298339844 34.99943542480469 25.32990074157715
54.07500076293945 0.0000013709068298339844 34.833274841308594 26.500164031982422 34.377593994140625 27.496870040893555
34.833274841308594 26.500164031982422 54.07500076293945 0.0000013709068298339844 34.99939727783203 25.33834457397461